997
997
996
996
995
995
994
992
991
989
989
988
988
985
985
984
983
983
981
978
977
977
976
975
975
972
971
969
969
969
968
967
966
965
962
957
957
956
956
953
949
949
948
948
948
947
946
945
944
943
942
941
940
939
938
938
934
933
933
933
931
930
926
926
925
924
923
922
922
921
921
920
917
916
916
916
914
914
914
912
911
910
909
908
907
904
902
902
901
898
897
897
897
892
892
889
888
886
885
885
884
882
882
880
877
876
875
875
875
873
873
871
871
870
869
869
868
868
867
866
865
864
864
862
861
860
857
857
857
857
856
855
854
854
850
848
848
848
847
846
844
843
842
842
842
838
838
837
837
836
836
836
836
835
834
834
832
832
827
826
825
825
823
822
822
822
821
820
819
819
817
813
812
811
809
807
805
804
804
803
802
801
801
799
798
791
790
789
788
787
787
786
785
785
782
782
781
779
778
777
776
775
775
773
772
771
768
768
768
767
765
765
765
765
763
763
759
759
757
757
754
750
749
748
748
748
747
745
745
745
745
743
743
742
740
738
738
735
735
734
734
733
733
732
730
728
728
727
725
725
724
723
722
722
722
721
721
721
720
720
718
717
714
713
713
712
710
708
707
707
705
705
703
702
702
701
700
698
698
697
696
695
695
694
694
693
691
691
690
686
685
685
684
683
683
683
683
682
681
681
681
681
676
675
675
673
673
673
670
670
669
668
668
668
667
667
665
665
665
664
663
663
663
660
659
658
658
658
657
656
656
656
653
653
651
651
646
645
643
643
642
641
641
640
639
639
639
637
636
635
634
633
632
632
630
629
629
627
626
626
625
624
623
623
621
621
621
621
621
620
619
619
619
618
618
617
615
615
615
615
615
615
614
613
612
612
612
611
610
607
606
605
604
604
603
603
602
602
600
600
599
598
598
597
597
596
596
595
594
594
593
592
590
587
580
579
578
578
578
576
575
572
572
572
572
572
572
571
567
566
566
565
563
563
563
561
559
558
557
557
557
556
555
555
553
553
552
552
551
550
548
548
548
547
546
545
545
542
542
539
539
537
537
537
536
535
535
535
534
532
532
532
529
527
525
525
524
524
523
523
523
522
522
519
518
517
517
517
515
515
512
512
512
511
511
509
504
503
502
501
499
498
496
496
496
495
494
494
493
492
492
492
492
489
488
488
488
487
484
484
482
482
481
479
478
477
477
474
473
473
473
472
472
471
471
471
468
468
468
466
466
465
465
465
463
462
462
457
456
455
454
454
454
453
453
452
451
449
447
446
446
445
444
443
442
441
441
440
439
438
437
436
435
434
431
430
430
428
428
428
427
426
426
423
422
422
421
421
419
419
416
413
410
410
405
405
404
403
402
399
398
397
397
397
396
396
395
394
392
392
389
388
386
386
386
385
384
384
384
384
383
383
382
381
379
379
378
378
377
376
375
375
374
374
372
372
371
371
369
369
366
366
365
365
364
364
363
361
360
357
356
354
353
353
353
353
352
351
351
349
348
348
346
346
346
344
344
344
344
342
342
340
339
339
338
338
338
338
338
336
336
336
333
332
330
327
320
319
319
318
316
315
311
310
309
306
306
305
303
302
301
300
300
299
295
295
292
291
291
286
284
283
279
279
279
278
277
277
276
276
276
275
275
275
274
273
273
272
271
268
266
266
265
264
261
261
261
259
259
258
257
256
255
251
251
251
250
249
248
247
246
244
244
242
239
238
237
237
233
232
232
231
229
229
228
228
227
227
227
226
226
225
224
223
223
222
222
221
220
219
219
218
217
217
212
211
211
211
211
211
210
208
206
205
205
204
200
199
197
194
