998
997
997
996
995
995
994
993
993
985
985
984
983
983
982
980
980
980
980
978
976
976
974
974
973
972
972
972
971
969
968
968
967
966
966
964
962
962
961
960
959
959
958
957
956
955
955
953
953
951
951
951
950
950
949
948
947
947
945
945
944
943
942
942
939
938
938
937
937
935
934
934
933
933
932
932
932
929
929
928
927
927
926
925
923
919
917
917
916
915
914
914
914
914
911
907
906
903
903
902
901
901
898
894
893
893
893
890
890
889
889
889
888
888
885
883
882
882
881
880
879
877
876
873
872
871
871
870
869
869
865
864
863
863
863
860
859
859
859
859
859
858
858
853
851
850
850
849
848
847
847
844
844
843
842
840
840
840
838
836
835
834
833
830
829
827
826
823
818
818
817
815
815
815
813
811
808
805
805
804
803
803
802
802
801
800
800
798
797
796
796
791
787
785
784
783
782
781
781
780
779
778
778
776
775
775
775
775
774
771
770
767
767
765
764
763
762
761
761
760
760
760
760
760
759
759
758
758
757
757
756
755
754
752
750
749
749
748
747
745
742
741
741
740
740
739
737
735
732
731
731
730
730
729
729
729
728
726
725
724
724
723
722
722
721
721
718
717
716
716
715
715
713
712
711
711
711
709
708
704
701
699
698
698
697
697
696
695
694
693
691
691
689
689
688
686
686
684
684
683
683
681
679
675
674
673
671
671
670
670
668
667
666
665
664
663
662
662
660
659
656
655
654
653
651
651
651
650
650
649
648
648
648
647
647
646
645
645
645
644
644
643
641
640
640
639
639
637
637
637
635
634
633
632
632
631
626
626
625
625
624
623
622
620
620
620
619
619
618
618
618
618
618
616
615
614
614
610
610
609
609
607
603
597
595
594
594
594
594
593
593
592
591
590
590
589
588
588
588
588
587
586
585
584
579
578
578
577
576
576
575
574
574
573
572
572
572
571
568
567
567
564
564
563
563
562
561
561
560
559
558
557
557
557
556
555
553
551
550
550
547
547
546
546
546
544
544
543
543
543
541
541
539
539
537
536
536
536
536
535
534
534
534
531
529
528
527
526
524
523
522
521
521
520
520
519
519
518
518
517
517
516
516
514
514
514
513
512
512
511
510
509
507
505
505
505
501
501
500
497
496
496
496
494
494
493
493
492
492
490
490
489
489
489
489
488
485
485
485
481
480
479
478
478
477
475
474
472
471
471
468
467
467
466
466
464
464
461
461
461
461
461
461
460
459
459
456
456
455
454
453
448
447
445
445
445
444
443
443
443
442
441
441
441
441
439
439
437
436
435
435
435
430
429
428
428
426
425
422
418
416
415
415
414
413
413
413
413
413
411
406
405
403
402
402
402
401
401
399
398
398
397
397
396
396
395
395
395
394
394
390
388
386
385
384
380
378
377
377
376
375
375
374
372
372
372
370
369
366
366
366
366
366
364
364
361
361
359
358
358
357
357
356
355
355
353
353
353
352
351
351
351
350
350
347
347
346
346
346
345
345
344
343
343
342
342
342
342
341
339
337
336
336
335
335
332
331
328
326
326
326
325
323
323
321
319
319
318
317
316
316
315
313
313
312
312
311
311
309
309
309
309
308
308
308
307
307
301
300
297
297
297
296
295
294
293
291
290
290
290
290
289
289
287
285
285
284
284
283
283
282
281
278
278
277
274
274
273
273
272
272
271
268
268
268
264
264
263
263
262
260
259
259
258
252
251
251
250
247
246
245
245
244
244
244
241
241
240
238
238
238
236
235
235
230
229
226
226
225
225
224
223
222
221
219
217
217
217
216
215
214
214
214
212
211
211
208
207
206
205
