999
999
999
998
997
996
995
995
995
995
993
991
991
990
989
989
989
988
986
986
985
985
984
980
980
978
977
974
973
973
972
971
966
964
964
964
963
962
961
961
961
959
958
958
958
958
957
957
957
957
952
952
951
950
950
950
950
950
949
949
949
946
946
945
945
943
941
940
938
937
937
937
936
936
936
936
935
933
933
932
932
930
926
925
924
923
920
919
915
914
911
909
909
908
908
907
906
906
906
906
904
904
902
899
898
897
896
895
895
894
893
892
891
891
888
888
888
886
885
884
884
884
882
881
881
881
880
879
878
876
875
872
872
872
871
870
868
868
865
864
863
863
862
861
860
860
859
859
858
857
856
854
853
853
849
847
847
847
846
845
845
842
841
841
841
840
840
838
837
837
836
836
836
834
833
831
831
829
827
827
826
825
825
825
824
824
823
823
823
820
819
818
817
816
813
812
812
811
808
806
804
799
798
798
798
795
795
794
793
793
788
787
786
786
784
783
783
781
781
780
776
774
774
773
773
773
772
772
771
768
768
768
767
766
766
764
763
762
760
759
757
755
755
754
754
754
753
753
749
748
747
746
745
745
745
743
743
742
740
740
739
736
736
735
735
735
734
734
733
733
732
732
730
729
729
728
728
728
727
726
726
726
723
722
722
721
720
720
719
719
718
718
717
716
710
710
708
707
703
703
703
702
699
699
699
698
698
697
696
696
696
694
694
692
690
690
689
689
685
685
684
683
683
681
680
679
677
675
674
674
672
672
672
672
671
671
671
669
669
669
667
666
664
662
662
661
659
659
659
658
657
655
655
651
651
649
649
648
648
643
643
643
643
642
641
641
640
640
639
638
637
636
636
633
633
632
632
632
632
631
631
631
629
628
627
627
626
626
626
625
625
621
617
617
616
615
615
614
612
612
611
609
608
604
599
598
596
594
594
593
590
589
589
588
586
586
585
585
583
582
582
581
581
581
581
578
578
576
576
574
574
573
572
571
569
568
568
568
568
566
566
566
565
564
562
561
559
558
557
556
554
554
553
553
551
550
548
548
547
547
547
546
543
542
541
540
540
534
533
533
533
532
531
529
528
527
526
525
524
524
523
523
523
522
521
520
519
519
519
518
518
518
516
512
509
509
508
506
506
506
502
499
498
498
497
497
495
495
495
494
493
492
492
490
489
489
488
488
487
486
485
484
483
482
481
480
478
477
474
471
470
470
468
467
465
464
464
463
463
461
458
457
456
456
455
455
454
453
451
450
448
448
448
448
447
446
446
445
443
443
441
441
439
438
438
436
436
435
435
434
434
433
433
431
430
429
429
429
428
427
427
427
425
423
423
422
422
421
421
420
420
419
419
418
418
417
416
415
413
412
411
403
403
398
398
397
397
396
396
396
394
393
392
391
390
387
387
386
385
383
382
382
380
378
377
376
376
374
373
373
370
370
369
369
368
365
365
365
362
362
362
361
360
358
358
357
356
356
354
354
353
353
352
352
350
349
348
347
347
347
347
346
343
339
337
337
336
333
333
331
330
329
329
329
329
328
328
327
327
325
324
318
316
316
314
314
312
311
309
309
308
307
307
306
305
304
301
301
298
298
296
296
295
294
294
294
292
290
290
289
288
287
286
286
285
284
283
283
281
281
278
277
276
276
274
273
273
272
269
269
268
268
267
267
266
266
264
264
264
263
263
260
256
255
254
254
254
254
252
252
251
251
249
249
247
247
247
246
245
244
243
242
241
240
238
238
238
238
237
237
233
233
231
231
230
230
227
226
226
226
226
226
224
223
222
222
222
221
221
221
219
217
217
214
214
213
213
211
208
207
