998
995
995
994
994
991
988
985
985
984
983
983
981
979
979
978
977
976
975
974
973
972
971
971
967
966
965
964
964
963
963
962
960
959
959
958
958
958
957
956
956
956
955
954
953
952
950
950
949
947
947
946
944
944
943
943
943
942
941
941
939
939
939
938
937
936
936
932
931
929
928
926
925
924
921
919
918
918
917
916
916
916
916
915
915
914
913
913
913
912
912
910
905
902
901
900
900
899
896
894
894
894
893
893
893
893
890
890
887
885
884
884
882
881
881
880
879
878
878
878
878
877
874
874
873
873
872
868
867
864
863
862
861
861
860
858
857
856
856
856
855
854
854
854
853
852
852
851
851
849
847
847
845
842
840
838
836
836
834
834
834
834
833
832
832
831
831
831
830
829
828
828
828
828
827
827
827
827
825
825
822
819
819
814
813
813
813
812
811
807
807
807
806
803
801
800
799
799
799
799
798
797
797
796
795
794
793
793
791
787
787
787
785
784
783
782
782
781
779
779
778
778
777
777
777
777
774
768
768
768
768
767
765
760
759
759
758
757
757
755
752
751
749
748
747
747
745
744
744
743
742
739
739
737
737
736
735
733
732
732
732
732
731
730
730
729
729
727
726
725
725
724
724
723
723
722
722
721
717
715
715
714
714
713
713
711
711
710
710
710
709
709
709
709
708
708
708
708
708
708
707
703
701
699
699
696
696
696
695
695
694
694
692
692
691
689
688
688
685
684
684
683
682
681
679
675
674
674
672
672
672
669
667
666
666
665
663
661
660
660
659
658
656
654
654
654
653
652
652
651
650
647
647
647
646
646
645
645
645
644
643
640
640
638
637
636
635
635
635
633
632
632
631
631
630
630
629
628
628
627
622
622
618
618
617
616
615
615
614
613
611
610
609
609
606
606
605
604
603
602
601
601
601
600
599
599
598
595
595
594
593
593
591
591
589
589
589
586
584
584
583
581
581
578
577
577
577
573
572
572
571
571
570
570
569
568
567
567
567
566
563
563
563
563
561
560
559
559
558
558
558
557
555
555
555
555
553
551
550
550
550
549
548
546
542
542
541
541
536
536
534
533
532
530
530
529
527
525
524
521
519
516
514
512
512
512
510
509
508
505
504
502
502
499
499
498
497
497
497
497
497
496
495
495
493
491
491
488
488
488
486
486
485
483
483
482
482
482
481
478
478
476
475
473
471
471
471
470
469
469
468
468
468
468
467
467
466
465
463
461
461
460
459
457
456
452
452
451
451
451
450
450
449
449
449
449
449
447
447
447
446
446
445
444
442
441
441
440
439
437
436
436
435
434
432
431
431
430
428
427
427
425
425
424
424
423
423
422
422
421
421
421
419
415
413
410
409
409
408
407
406
405
404
403
401
401
401
398
398
398
398
397
395
394
393
393
393
392
391
391
391
391
388
388
387
385
385
383
382
380
378
378
373
372
370
369
369
369
369
369
368
368
368
368
367
366
366
365
365
365
364
364
362
362
361
359
354
353
352
352
348
347
346
345
345
343
339
339
338
337
336
336
336
335
334
334
333
332
332
330
329
329
327
327
326
325
323
323
323
321
319
319
319
319
317
317
316
315
315
315
315
314
314
314
312
311
311
310
308
305
302
301
298
296
295
294
293
293
291
291
289
289
288
288
287
287
284
284
280
278
277
276
275
274
273
273
268
268
268
266
266
266
265
265
263
262
261
259
259
256
256
254
253
252
252
251
250
249
248
248
248
247
246
246
245
241
241
240
240
238
237
236
236
234
233
233
232
232
232
231
230
227
223
221
219
219
219
216
215
213
212
212
211
211
211
208
206
206
205
204
