997
997
996
996
995
995
994
992
991
989
989
988
988
985
985
984
983
983
981
978
977
977
976
975
975
972
971
969
969
969
968
967
966
965
962
957
957
956
956
953
949
949
948
948
948
947
946
945
944
943
942
941
940
939
938
938
934
933
933
933
931
930
926
926
925
924
923
922
922
921
921
920
917
916
916
916
914
914
914
912
911
910
909
908
907
904
902
902
901
898
897
897
897
892
892
889
888
886
885
885
884
882
882
880
877
876
875
875
875
873
873
871
871
870
869
869
868
868
867
866
865
864
864
862
861
860
857
857
857
857
856
855
854
854
850
848
848
848
847
846
844
843
842
842
842
838
838
837
837
836
836
836
836
835
834
834
832
832
827
826
825
825
823
822
822
822
821
820
819
819
817
813
812
811
809
807
805
804
804
803
802
801
801
799
798
791
790
789
788
787
787
786
785
785
782
782
781
779
778
777
776
775
775
773
772
771
768
768
768
767
765
765
765
765
763
763
759
759
757
757
754
750
749
748
748
748
747
745
745
745
745
743
743
742
740
738
738
735
735
734
734
733
733
732
730
728
728
727
725
725
724
723
722
722
722
721
721
721
720
720
718
717
714
713
713
712
710
708
707
707
705
705
703
702
702
701
700
698
698
697
696
695
695
694
694
693
691
691
690
686
685
685
684
683
683
683
683
682
681
681
681
681
676
675
675
673
673
673
670
670
669
668
668
668
667
667
665
665
665
664
663
663
663
660
659
658
658
658
657
656
656
656
653
653
651
651
646
645
643
643
642
641
641
640
639
639
639
637
636
635
634
633
632
632
630
629
629
627
626
626
625
624
623
623
621
621
621
621
621
620
619
619
619
618
618
617
615
615
615
615
615
615
614
613
612
612
612
611
610
607
606
605
604
604
603
603
602
602
600
600
599
598
598
597
597
596
596
595
594
594
593
592
590
587
580
579
578
578
578
576
575
572
572
572
572
572
572
571
567
566
566
565
563
563
563
561
559
558
557
557
557
556
555
555
553
553
552
552
551
550
548
548
548
547
546
545
545
542
542
539
539
537
537
537
536
535
535
535
534
532
532
532
529
527
525
525
524
524
523
523
523
522
522
519
518
517
517
517
515
515
512
512
512
511
511
509
504
503
502
501
499
498
496
496
496
495
494
494
493
492
492
492
492
489
488
488
488
487
484
484
482
482
481
479
478
477
477
474
473
473
473
472
472
471
471
471
468
468
468
466
466
465
465
465
463
462
462
457
456
455
454
454
454
453
453
452
451
449
447
446
446
445
444
443
442
441
441
440
439
438
437
436
435
434
431
430
430
428
428
428
427
426
426
423
422
422
421
421
419
419
416
413
410
410
405
405
404
403
402
399
398
397
397
397
396
396
395
394
392
392
389
388
386
386
386
385
384
384
384
384
383
383
382
381
379
379
378
378
377
376
375
375
374
374
372
372
371
371
369
369
366
366
365
365
364
364
363
361
360
357
356
354
353
353
353
353
352
351
351
349
348
348
346
346
346
344
344
344
344
342
342
340
339
339
338
338
338
338
338
336
336
336
333
332
330
327
320
319
319
318
316
315
311
310
309
306
306
305
303
302
301
300
300
299
295
295
292
291
291
286
284
283
279
279
279
278
277
277
276
276
276
275
275
275
274
273
273
272
271
268
266
266
265
264
261
261
261
259
259
258
257
256
255
251
251
251
250
249
248
247
998
997
997
996
995
995
994
993
993
985
985
984
983
983
982
980
980
980
980
978
976
976
974
974
973
972
972
972
971
969
968
968
967
966
966
964
962
962
961
960
959
959
958
957
956
955
955
953
953
951
951
951
950
950
949
948
947
947
945
945
944
943
942
942
939
938
938
937
937
935
934
934
933
933
932
932
932
929
929
928
927
927
926
925
923
919
917
917
916
915
914
914
914
914
911
907
906
903
903
902
901
901
898
894
893
893
893
890
890
889
889
889
888
888
885
883
882
882
881
880
879
877
876
873
872
871
871
870
869
869
865
864
863
863
863
860
859
859
859
859
859
858
858
853
851
850
850
849
848
847
847
844
844
843
842
840
840
840
838
836
835
834
833
830
829
827
826
823
818
818
817
815
815
815
813
811
808
805
805
804
803
803
802
802
801
800
800
798
797
796
796
791
787
785
784
783
782
781
781
780
779
778
778
776
775
775
775
775
774
771
770
767
767
765
764
763
762
761
761
760
760
760
760
760
759
759
758
758
757
757
756
755
754
752
750
749
749
748
747
745
742
741
741
740
740
739
737
735
732
731
731
730
730
729
729
729
728
726
725
724
724
723
722
722
721
721
718
717
716
716
715
715
713
712
711
711
711
709
708
704
701
699
698
698
697
697
696
695
694
693
691
691
689
689
688
686
686
684
684
683
683
681
679
675
674
673
671
671
670
670
668
667
666
665
664
663
662
662
660
659
656
655
654
653
651
651
651
650
650
649
648
648
648
647
647
646
645
645
645
644
644
643
641
640
640
639
639
637
637
637
635
634
633
632
632
631
626
626
625
625
624
623
622
620
620
620
619
619
618
618
618
618
618
616
615
614
614
610
610
609
609
607
603
597
595
594
594
594
594
593
593
592
591
590
590
589
588
588
588
588
587
586
585
584
579
578
578
577
576
576
575
574
574
573
572
572
572
571
568
567
567
564
564
563
563
562
561
561
560
559
558
557
557
557
556
555
553
551
550
550
547
547
546
546
546
544
544
543
543
543
541
541
539
539
537
536
536
536
536
535
534
534
534
531
529
528
527
526
524
523
522
521
521
520
520
519
519
518
518
517
517
516
516
514
514
514
513
512
512
511
510
509
507
505
505
505
501
501
500
497
496
496
496
494
494
493
493
492
492
490
490
489
489
489
489
488
485
485
485
481
480
479
478
478
477
475
474
472
471
471
468
467
467
466
466
464
464
461
461
461
461
461
461
460
459
459
456
456
455
454
453
448
447
445
445
445
444
443
443
443
442
441
441
441
441
439
439
437
436
435
435
435
430
429
428
428
426
425
422
418
416
415
415
414
413
413
413
413
413
411
406
405
403
402
402
402
401
401
399
398
398
397
397
396
396
395
395
395
394
394
390
388
386
385
384
380
378
377
377
376
375
375
374
372
372
372
370
369
366
366
366
366
366
364
364
361
361
359
358
358
357
357
356
355
355
353
353
353
352
351
351
351
350
350
347
347
346
346
346
345
345
344
343
343
342
342
342
342
341
339
337
336
336
335
335
332
331
328
326
326
326
325
323
323
321
319
319
318
317
316
316
315
313
313
312
312
311
311
309
309
309
309
308
308
308
307
307
301
300
297
297
297
296
295
294
293
291
290
290
290
290
289
289
287
285
285
284
284
283
283
282
281
278
278
277
274
274
273
273
272
272
271
268
268
268
264
264
263
263
262
999
999
999
998
997
996
995
995
995
995
993
991
991
990
989
989
989
988
986
986
985
985
984
980
980
978
977
974
973
973
972
971
966
964
964
964
963
962
961
961
961
959
958
958
958
958
957
957
957
957
952
952
951
950
950
950
950
950
949
949
949
946
946
945
945
943
941
940
938
937
937
937
936
936
936
936
935
933
933
932
932
930
926
925
924
923
920
919
915
914
911
909
909
908
908
907
906
906
906
906
904
904
902
899
898
897
896
895
895
894
893
892
891
891
888
888
888
886
885
884
884
884
882
881
881
881
880
879
878
876
875
872
872
872
871
870
868
868
865
864
863
863
862
861
860
860
859
859
858
857
856
854
853
853
849
847
847
847
846
845
845
842
841
841
841
840
840
838
837
837
836
836
836
834
833
831
831
829
827
827
826
825
825
825
824
824
823
823
823
820
819
818
817
816
813
812
812
811
808
806
804
799
798
798
798
795
795
794
793
793
788
787
786
786
784
783
783
781
781
780
776
774
774
773
773
773
772
772
771
768
768
768
767
766
766
764
763
762
760
759
757
755
755
754
754
754
753
753
749
748
747
746
745
745
745
743
743
742
740
740
739
736
736
735
735
735
734
734
733
733
732
732
730
729
729
728
728
728
727
726
726
726
723
722
722
721
720
720
719
719
718
718
717
716
710
710
708
707
703
703
703
702
699
699
699
698
698
697
696
696
696
694
694
692
690
690
689
689
685
685
684
683
683
681
680
679
677
675
674
674
672
672
672
672
671
671
671
669
669
669
667
666
664
662
662
661
659
659
659
658
657
655
655
651
651
649
649
648
648
643
643
643
643
642
641
641
640
640
639
638
637
636
636
633
633
632
632
632
632
631
631
631
629
628
627
627
626
626
626
625
625
621
617
617
616
615
615
614
612
612
611
609
608
604
599
598
596
594
594
593
590
589
589
588
586
586
585
585
583
582
582
581
581
581
581
578
578
576
576
574
574
573
572
571
569
568
568
568
568
566
566
566
565
564
562
561
559
558
557
556
554
554
553
553
551
550
548
548
547
547
547
546
543
542
541
540
540
534
533
533
533
532
531
529
528
527
526
525
524
524
523
523
523
522
521
520
519
519
519
518
518
518
516
512
509
509
508
506
506
506
502
499
498
498
497
497
495
495
495
494
493
492
492
490
489
489
488
488
487
486
485
484
483
482
481
480
478
477
474
471
470
470
468
467
465
464
464
463
463
461
458
457
456
456
455
455
454
453
451
450
448
448
448
448
447
446
446
445
443
443
441
441
439
438
438
436
436
435
435
434
434
433
433
431
430
429
429
429
428
427
427
427
425
423
423
422
422
421
421
420
420
419
419
418
418
417
416
415
413
412
411
403
403
398
398
397
397
396
396
396
394
393
392
391
390
387
387
386
385
383
382
382
380
378
377
376
376
374
373
373
370
370
369
369
368
365
365
365
362
362
362
361
360
358
358
357
356
356
354
354
353
353
352
352
350
349
348
347
347
347
347
346
343
339
337
337
336
333
333
331
330
329
329
329
329
328
328
327
327
325
324
318
316
316
314
314
312
311
309
309
308
307
307
306
305
304
301
301
298
298
296
296
295
294
294
294
292
290
290
289
288
287
286
286
285
284
283
283
281
281
278
277
276
276
274
273
273
272
269
269
268
268
267
267
266
266
264
264
264
263
263
260
256
255
254
254
254
254
252
252
998
995
995
994
994
991
988
985
985
984
983
983
981
979
979
978
977
976
975
974
973
972
971
971
967
966
965
964
964
963
963
962
960
959
959
958
958
958
957
956
956
956
955
954
953
952
950
950
949
947
947
946
944
944
943
943
943
942
941
941
939
939
939
938
937
936
936
932
931
929
928
926
925
924
921
919
918
918
917
916
916
916
916
915
915
914
913
913
913
912
912
910
905
902
901
900
900
899
896
894
894
894
893
893
893
893
890
890
887
885
884
884
882
881
881
880
879
878
878
878
878
877
874
874
873
873
872
868
867
864
863
862
861
861
860
858
857
856
856
856
855
854
854
854
853
852
852
851
851
849
847
847
845
842
840
838
836
836
834
834
834
834
833
832
832
831
831
831
830
829
828
828
828
828
827
827
827
827
825
825
822
819
819
814
813
813
813
812
811
807
807
807
806
803
801
800
799
799
799
799
798
797
797
796
795
794
793
793
791
787
787
787
785
784
783
782
782
781
779
779
778
778
777
777
777
777
774
768
768
768
768
767
765
760
759
759
758
757
757
755
752
751
749
748
747
747
745
744
744
743
742
739
739
737
737
736
735
733
732
732
732
732
731
730
730
729
729
727
726
725
725
724
724
723
723
722
722
721
717
715
715
714
714
713
713
711
711
710
710
710
709
709
709
709
708
708
708
708
708
708
707
703
701
699
699
696
696
696
695
695
694
694
692
692
691
689
688
688
685
684
684
683
682
681
679
675
674
674
672
672
672
669
667
666
666
665
663
661
660
660
659
658
656
654
654
654
653
652
652
651
650
647
647
647
646
646
645
645
645
644
643
640
640
638
637
636
635
635
635
633
632
632
631
631
630
630
629
628
628
627
622
622
618
618
617
616
615
615
614
613
611
610
609
609
606
606
605
604
603
602
601
601
601
600
599
599
598
595
595
594
593
593
591
591
589
589
589
586
584
584
583
581
581
578
577
577
577
573
572
572
571
571
570
570
569
568
567
567
567
566
563
563
563
563
561
560
559
559
558
558
558
557
555
555
555
555
553
551
550
550
550
549
548
546
542
542
541
541
536
536
534
533
532
530
530
529
527
525
524
521
519
516
514
512
512
512
510
509
508
505
504
502
502
499
499
498
497
497
497
497
497
496
495
495
493
491
491
488
488
488
486
486
485
483
483
482
482
482
481
478
478
476
475
473
471
471
471
470
469
469
468
468
468
468
467
467
466
465
463
461
461
460
459
457
456
452
452
451
451
451
450
450
449
449
449
449
449
447
447
447
446
446
445
444
442
441
441
440
439
437
436
436
435
434
432
431
431
430
428
427
427
425
425
424
424
423
423
422
422
421
421
421
419
415
413
410
409
409
408
407
406
405
404
403
401
401
401
398
398
398
398
397
395
394
393
393
393
392
391
391
391
391
388
388
387
385
385
383
382
380
378
378
373
372
370
369
369
369
369
369
368
368
368
368
367
366
366
365
365
365
364
364
362
362
361
359
354
353
352
352
348
347
346
345
345
343
339
339
338
337
336
336
336
335
334
334
333
332
332
330
329
329
327
327
326
325
323
323
323
321
319
319
319
319
317
317
316
315
315
315
315
314
314
314
312
311
311
310
308
305
302
301
298
296
295
294
293
293
291
291
289
289
288
288
287
287
284
284
280
278
277
276
275
274
273
273
268
268
268
266
266
266
265
265
263
262
261
259
259
256
